code,name,industry,area
002774,快意电梯,运输设备,广东
002526,山东矿机,工程机械,山东
002857,三晖电气,电器仪表,河南
002855,捷荣技术,塑料,广东
002819,东方中科,电器仪表,北京
002858,力盛赛车,文教休闲,上海
002845,同兴达,元器件,深圳
002853,皮阿诺,家居用品,广东
002856,美芝股份,装修装饰,深圳
002274,华昌化工,农药化肥,江苏
002851,麦格米特,电气设备,深圳
002516,旷达科技,纺织,江苏
002066,瑞泰科技,其他建材,北京
002460,赣锋锂业,小金属,江西
002807,江阴银行,银行,江苏
002700,新疆浩源,供气供热,新疆
002683,宏大爆破,化工原料,广东
002708,光洋股份,汽车配件,江苏
002447,壹桥股份,渔业,辽宁
002479,富春环保,火力发电,浙江
002651,利君股份,专用机械,四川
002749,国光股份,农药化肥,四川
002799,环球印务,广告包装,陕西
002044,美年健康,医疗保健,江苏
002805,丰元股份,化工原料,山东
002359,齐星铁塔,钢加工,山东
002277,友阿股份,百货,湖南
002207,准油股份,石油开采,新疆
002802,洪汇新材,化工原料,江苏
002490,山东墨龙,化工机械,山东
002371,北方华创,半导体,北京
002489,浙江永强,家居用品,浙江
002798,帝王洁具,家居用品,四川
002192,融捷股份,专用机械,广东
002506,协鑫集成,半导体,上海
002341,新纶科技,化工原料,深圳
002085,万丰奥威,汽车配件,浙江
002138,顺络电子,元器件,深圳
002189,利达光电,元器件,河南
002148,北纬通信,互联网,北京
002663,普邦股份,建筑施工,广东
002488,金固股份,汽车配件,浙江
002389,南洋科技,元器件,浙江
002466,天齐锂业,小金属,四川
002028,思源电气,电气设备,上海
002765,蓝黛传动,汽车配件,重庆
002306,中科云网,酒店餐饮,北京
002112,三变科技,电气设备,浙江
002116,中国海诚,建筑施工,上海
002034,美 欣 达,纺织,浙江
002692,睿康股份,电气设备,江苏
002182,云海金属,小金属,江苏
002259,升达林业,家居用品,四川
002158,汉钟精机,工程机械,上海
002678,珠江钢琴,文教休闲,广东
002779,中坚科技,农用机械,浙江
002589,瑞康医药,医药商业,山东
002806,华锋股份,元器件,广东
002407,多氟多,化工原料,河南
002084,海鸥卫浴,家居用品,广东
002342,巨力索具,机械基件,河北
002033,丽江旅游,旅游景点,云南
002521,齐峰新材,造纸,山东
002775,文科园林,建筑施工,深圳
002037,久联发展,化工原料,贵州
002549,凯美特气,环境保护,湖南
002497,雅化集团,化工原料,四川
002295,精艺股份,铜,广东
002647,民盛金科,电气设备,浙江
002074,国轩高科,电气设备,江苏
002080,中材科技,化纤,江苏
002214,大立科技,电器仪表,浙江
002709,天赐材料,化工原料,广东
002433,太安堂,中成药,广东
002453,天马精化,化工原料,江苏
002077,大港股份,区域地产,江苏
002108,沧州明珠,塑料,河北
002100,天康生物,饲料,新疆
002536,西泵股份,汽车配件,河南
002221,东华能源,石油贸易,江苏
002204,大连重工,专用机械,辽宁
002469,三维工程,建筑施工,山东
002430,杭氧股份,化工机械,浙江
002289,*ST宇顺,元器件,深圳
002332,仙琚制药,生物制药,浙江
002654,万润科技,半导体,深圳
002322,理工环科,环境保护,浙江
002563,森马服饰,服饰,浙江
002196,方正电机,纺织机械,浙江
002653,海思科,化学制药,西藏
002769,普路通,仓储物流,深圳
002493,荣盛石化,化纤,浙江
002499,科林环保,环境保护,江苏
002185,华天科技,半导体,甘肃
002096,南岭民爆,化工原料,湖南
002772,众兴菌业,种植业,甘肃
002841,视源股份,元器件,广东
002734,利民股份,农药化肥,江苏
002216,三全食品,食品,河南
002090,金智科技,软件服务,江苏
002565,顺灏股份,造纸,上海
002239,奥特佳,汽车配件,江苏
002246,北化股份,化工原料,四川
002287,奇正藏药,中成药,西藏
002203,海亮股份,铜,浙江
002375,亚厦股份,装修装饰,浙江
002572,索菲亚,家居用品,广东
002669,康达新材,化工原料,上海
002626,金达威,食品,福建
002349,精华制药,中成药,江苏
002410,广联达,软件服务,北京
002021,中捷资源,纺织机械,浙江
002002,鸿达兴业,化工原料,江苏
002231,奥维通信,通信设备,辽宁
002696,百洋股份,渔业,广西
002302,西部建设,水泥,新疆
002555,三七互娱,互联网,安徽
002226,江南化工,化工原料,安徽
002660,茂硕电源,电气设备,深圳
002715,登云股份,汽车配件,广东
002215,诺 普 信,农药化肥,深圳
002346,柘中股份,电气设备,上海
002176,江特电机,电气设备,江西
002103,广博股份,文教休闲,浙江
002126,银轮股份,汽车配件,浙江
002728,特一药业,中成药,广东
002026,山东威达,机械基件,山东
002062,宏润建设,建筑施工,浙江
002370,亚太药业,化学制药,浙江
002612,朗姿股份,服饰,北京
002381,双箭股份,橡胶,浙江
002727,一心堂,医药商业,云南
002225,濮耐股份,其他建材,河南
002146,荣盛发展,全国地产,河北
002730,电光科技,电气设备,浙江
002356,赫美集团,服饰,深圳
002491,通鼎互联,通信设备,江苏
002278,神开股份,化工机械,上海
002487,大金重工,钢加工,辽宁
002279,久其软件,软件服务,北京
002746,仙坛股份,农业综合,山东
002275,桂林三金,中成药,广西
002143,印纪传媒,影视音像,四川
002334,英威腾,电气设备,深圳
002553,南方轴承,汽车配件,江苏
002627,宜昌交运,公路,湖北
002330,得利斯,食品,山东
002240,威华股份,家居用品,广东
002445,中南文化,影视音像,江苏
002459,天业通联,工程机械,河北
002494,华斯股份,服饰,河北
002613,北玻股份,专用机械,河南
002059,云南旅游,旅游景点,云南
002424,贵州百灵,中成药,贵州
002637,赞宇科技,日用化工,浙江
002697,红旗连锁,超市连锁,四川
002173,*ST创疗,农业综合,浙江
002475,立讯精密,元器件,深圳
002827,高争民爆,化工原料,西藏
002594,比亚迪,汽车整车,深圳
002261,拓维信息,互联网,湖南
002390,信邦制药,中成药,贵州
002117,东港股份,广告包装,山东
002164,宁波东力,电气设备,浙江
002580,圣阳股份,电气设备,山东
002268,卫 士 通,软件服务,四川
002048,宁波华翔,汽车配件,浙江
002598,山东章鼓,机械基件,山东
002564,天沃科技,化工机械,江苏
002801,微光股份,电气设备,浙江
002667,鞍重股份,工程机械,辽宁
002640,跨境通,服饰,山西
002485,希努尔,服饰,山东
002091,江苏国泰,商贸代理,江苏
002357,富临运业,公路,四川
002006,精功科技,专用机械,浙江
002376,新北洋,电脑设备,山东
002069,*ST獐岛,渔业,辽宁
002032,苏 泊 尔,家用电器,浙江
002732,燕塘乳业,乳制品,广东
002726,龙大肉食,食品,山东
002340,格林美,小金属,深圳
002141,贤丰控股,元器件,广东
002366,台海核电,专用机械,四川
002038,双鹭药业,生物制药,北京
002823,凯中精密,机械基件,深圳
002478,常宝股份,普钢,江苏
002848,高斯贝尔,通信设备,湖南
002604,龙力生物,食品,山东
002211,宏达新材,橡胶,江苏
002712,思美传媒,广告包装,浙江
002194,武汉凡谷,通信设备,湖北
002722,金轮股份,纺织机械,江苏
002101,广东鸿图,机械基件,广东
002821,凯莱英,生物制药,天津
002695,煌上煌,食品,江西
002796,世嘉科技,专用机械,江苏
002114,罗平锌电,铅锌,云南
002130,沃尔核材,电气设备,深圳
002778,高科石化,石油加工,江苏
002043,兔 宝 宝,其他建材,浙江
002220,天宝股份,食品,辽宁
002530,丰东股份,专用机械,江苏
002301,齐心集团,文教休闲,深圳
002514,宝馨科技,机械基件,江苏
002471,中超控股,电气设备,江苏
002209,达 意 隆,轻工机械,广东
002157,正邦科技,饲料,江西
002057,中钢天源,元器件,安徽
002599,盛通股份,广告包装,北京
002254,泰和新材,化纤,山东
002338,奥普光电,电器仪表,吉林
002409,雅克科技,化工原料,江苏
002588,史丹利,农药化肥,山东
002229,鸿博股份,广告包装,福建
002461,珠江啤酒,啤酒,广东
002161,远 望 谷,通信设备,深圳
002458,益生股份,农业综合,山东
002470,金正大,农药化肥,山东
002337,赛象科技,化工机械,天津
002144,宏达高科,纺织,浙江
002523,天桥起重,工程机械,湖南
002457,青龙管业,塑料,宁夏
002222,福晶科技,元器件,福建
002165,红 宝 丽,化工原料,江苏
002252,上海莱士,生物制药,上海
002315,焦点科技,互联网,江苏
002597,金禾实业,化工原料,安徽
002045,国光电器,元器件,广东
002326,永太科技,化工原料,浙江
002125,湘潭电化,化工原料,湖南
002767,先锋电子,电器仪表,浙江
002071,长城影视,影视音像,江苏
002557,洽洽食品,食品,安徽
002751,易尚展示,家居用品,深圳
002793,东音股份,专用机械,浙江
002645,华宏科技,专用机械,江苏
002441,众业达,批发业,广东
002404,嘉欣丝绸,纺织,浙江
002809,红墙股份,化工原料,广东
002119,康强电子,半导体,浙江
002620,瑞和股份,装修装饰,深圳
002110,三钢闽光,普钢,福建
002272,川润股份,机械基件,四川
002586,围海股份,建筑施工,浙江
002251,步 步 高,超市连锁,湖南
002752,昇兴股份,广告包装,福建
002378,章源钨业,小金属,江西
002467,二六三,电信运营,北京
002393,力生制药,化学制药,天津
002691,冀凯股份,专用机械,河北
002227,奥 特 迅,电气设备,深圳
002435,长江润发,机械基件,江苏
002223,鱼跃医疗,医疗保健,江苏
002293,罗莱生活,纺织,江苏
002550,千红制药,生物制药,江苏
002135,东南网架,建筑施工,浙江
002512,达华智能,元器件,广东
002666,德联集团,化工原料,广东
002320,海峡股份,水运,海南
002190,成飞集成,汽车配件,四川
002481,双塔食品,食品,山东
002397,梦洁股份,纺织,湖南
002452,长高集团,电气设备,湖南
002427,尤夫股份,化纤,浙江
002058,威 尔 泰,电器仪表,上海
002569,步森股份,服饰,浙江
002729,好利来,元器件,福建
002199,东晶电子,元器件,浙江
002633,申科股份,机械基件,浙江
002218,拓日新能,半导体,深圳
002172,澳洋科技,化纤,江苏
002518,科士达,电器仪表,深圳
002290,中科新材,家用电器,江苏
002770,科迪乳业,乳制品,河南
002716,金贵银业,小金属,湖南
002465,海格通信,通信设备,广东
002027,分众传媒,软件服务,广东
002063,远光软件,软件服务,广东
002579,中京电子,元器件,广东
002567,唐人神,饲料,湖南
002281,光迅科技,通信设备,湖北
002197,证通电子,电器仪表,深圳
002304,洋河股份,白酒,江苏
002771,真视通,软件服务,北京
002694,顾地科技,塑料,湖北
002759,天际股份,家用电器,广东
002415,海康威视,电器仪表,浙江
002839,张家港行,银行,江苏
002816,和科达,专用机械,深圳
002813,路畅科技,汽车配件,深圳
002812,创新股份,广告包装,云南
002803,吉宏股份,广告包装,福建
002787,华源控股,广告包装,江苏
002747,埃斯顿,机械基件,江苏
002745,木林森,半导体,广东
002741,光华科技,化工原料,广东
002740,爱迪尔,服饰,深圳
002735,王子新材,塑料,深圳
002724,海洋王,半导体,深圳
002717,岭南园林,建筑施工,广东
002699,美盛文化,服饰,浙江
002685,华东重机,工程机械,江苏
002681,奋达科技,家用电器,深圳
002675,东诚药业,化学制药,山东
002670,国盛金控,多元金融,广东
002664,信质电机,汽车配件,浙江
002655,共达电声,元器件,山东
002652,扬子新材,其他建材,江苏
002638,勤上股份,半导体,广东
002630,华西能源,专用机械,四川
002623,亚玛顿,玻璃,江苏
002608,*ST舜船,船舶,江苏
002606,大连电瓷,电气设备,辽宁
002600,江粉磁材,元器件,广东
002596,海南瑞泽,其他建材,海南
002578,闽发铝业,铝,福建
002576,通达动力,电气设备,江苏
002575,群兴玩具,文教休闲,广东
002547,春兴精工,通信设备,江苏
002541,鸿路钢构,钢加工,安徽
002540,亚太科技,铝,江苏
002513,*ST蓝丰,农药化肥,江苏
002510,天汽模,汽车配件,天津
002509,天广中茂,专用机械,福建
002505,大康农业,农业综合,湖南
002492,恒基达鑫,仓储物流,广东
002486,嘉麟杰,服饰,上海
002480,新筑股份,机械基件,四川
002468,申通快递,仓储物流,浙江
002464,金利科技,互联网,江苏
002443,金洲管道,钢加工,浙江
002437,誉衡药业,化学制药,黑龙江
002426,胜利精密,元器件,江苏
002418,康盛股份,机械基件,浙江
002417,三元达,通信设备,福建
002411,必康股份,化学制药,江苏
002400,省广股份,广告包装,广东
002386,天原集团,化工原料,四川
002379,*ST鲁丰,铝,山东
002372,伟星新材,其他建材,浙江
002363,隆基机械,汽车配件,山东
002336,*ST人乐,超市连锁,深圳
002329,皇氏集团,乳制品,广西
002316,键桥通讯,软件服务,深圳
002309,中利集团,电气设备,江苏
002299,圣农发展,农业综合,福建
002283,天润曲轴,汽车配件,山东
002282,博深工具,轻工机械,河北
002280,联络互动,软件服务,浙江
002276,万马股份,电气设备,浙江
002270,华明装备,电气设备,山东
002269,美邦服饰,服饰,上海
002260,德奥通航,航空,广东
002255,海陆重工,专用机械,江苏
002248,华东数控,机床制造,山东
002245,澳洋顺昌,仓储物流,江苏
002243,通产丽星,塑料,深圳
002228,合兴包装,广告包装,福建
002212,南洋股份,电气设备,广东
002195,二三四五,软件服务,上海
002193,山东如意,纺织,山东
002186,全 聚 德,酒店餐饮,北京
002178,延华智能,建筑施工,上海
002175,东方网络,电器仪表,广西
002168,深圳惠程,电气设备,深圳
002162,悦心健康,医疗保健,上海
002134,天津普林,元器件,天津
002132,恒星科技,钢加工,河南
002129,中环股份,半导体,天津
002128,露天煤业,煤炭开采,内蒙
002121,科陆电子,电器仪表,深圳
002115,三维通信,通信设备,浙江
002113,天润数娱,互联网,湖南
002104,恒宝股份,元器件,江苏
002102,冠福股份,化学制药,福建
002082,栋梁新材,铝,浙江
002076,雪 莱 特,家用电器,广东
002075,沙钢股份,特种钢,江苏
002072,凯瑞德,纺织,山东
002068,黑猫股份,化工原料,江西
002061,江山化工,化工原料,浙江
002055,得润电子,元器件,深圳
002050,三花智控,机械基件,浙江
002049,紫光国芯,元器件,河北
002025,航天电器,元器件,贵州
002012,凯恩股份,造纸,浙江
002543,万和电气,家用电器,广东
002438,江苏神通,机械基件,江苏
002184,海得控制,软件服务,上海
002763,汇洁股份,服饰,深圳
002707,众信旅游,旅游服务,北京
002756,永兴特钢,特种钢,浙江
002448,中原内配,汽车配件,河南
002703,浙江世宝,汽车配件,浙江
002545,东方铁塔,钢加工,山东
002086,东方海洋,渔业,山东
002450,康得新,化工原料,江苏
002786,银宝山新,专用机械,深圳
002241,歌尔股份,元器件,山东
002649,博彦科技,软件服务,北京
002368,太极股份,软件服务,北京
002750,龙津药业,中成药,云南
002456,欧菲光,元器件,深圳
002297,博云新材,矿物制品,湖南
002198,嘉应制药,中成药,广东
002017,东信和平,通信设备,广东
002768,国恩股份,塑料,山东
002570,贝因美,乳制品,浙江
002367,康力电梯,运输设备,江苏
002682,龙洲股份,公路,福建
002442,龙星化工,化工原料,河北
002718,友邦吊顶,家居用品,浙江
002800,天顺股份,仓储物流,新疆
002054,德美化工,化工原料,广东
002603,以岭药业,中成药,河北
002149,西部材料,小金属,陕西
002039,黔源电力,水力发电,贵州
002191,劲嘉股份,广告包装,深圳
002007,华兰生物,生物制药,河南
002537,海立美达,汽车整车,山东
002015,霞客环保,化纤,江苏
002631,德尔未来,家居用品,江苏
002648,卫星石化,化工原料,浙江
002428,云南锗业,小金属,云南
002776,柏堡龙,服饰,广东
002065,东华软件,软件服务,北京
002566,益盛药业,中成药,吉林
002210,飞马国际,仓储物流,深圳
002022,科华生物,医疗保健,上海
002167,东方锆业,小金属,广东
002625,龙生股份,汽车配件,浙江
002291,星期六,服饰,广东
002551,尚荣医疗,医疗保健,深圳
002200,云投生态,环境保护,云南
002024,苏宁云商,电器连锁,江苏
002731,萃华珠宝,服饰,辽宁
002118,紫鑫药业,中成药,吉林
002528,英飞拓,电脑设备,深圳
002350,北京科锐,电气设备,北京
002533,金杯电工,电气设备,湖南
002089,新 海 宜,通信设备,江苏
002742,三圣股份,其他建材,重庆
002005,德豪润达,家用电器,广东
002004,华邦健康,化学制药,重庆
002266,浙富控股,电气设备,浙江
002797,第一创业,证券,深圳
002616,长青集团,环境保护,广东
002099,海翔药业,化学制药,浙江
002351,漫步者,电脑设备,深圳
002294,信立泰,化学制药,深圳
002846,英联股份,广告包装,广东
002060,粤 水 电,建筑施工,广东
002250,联化科技,化工原料,浙江
002213,特 尔 佳,汽车配件,深圳
002219,恒康医疗,中成药,甘肃
002592,八菱科技,汽车配件,广西
002484,江海股份,元器件,江苏
002408,齐翔腾达,化工原料,山东
002463,沪电股份,元器件,江苏
002591,恒大高新,化工原料,江西
002051,中工国际,建筑施工,北京
002477,雏鹰农牧,农业综合,河南
002535,林州重机,工程机械,河南
002698,博实股份,化工机械,黑龙江
002483,润邦股份,工程机械,江苏
002425,凯撒文化,服饰,广东
002232,启明信息,软件服务,吉林
002736,国信证券,证券,深圳
002743,富煌钢构,钢加工,安徽
002498,汉缆股份,电气设备,山东
002690,美亚光电,专用机械,安徽
002403,爱仕达,家用电器,浙江
002093,国脉科技,电信运营,福建
002602,世纪华通,汽车配件,浙江
002658,雪迪龙,环境保护,北京
002318,久立特材,特种钢,浙江
002120,韵达股份,仓储物流,浙江
002285,世联行,房产服务,深圳
002817,黄山胶囊,化学制药,安徽
002016,世荣兆业,区域地产,广东
002615,哈尔斯,家居用品,浙江
002587,奥拓电子,元器件,深圳
002177,御银股份,电脑设备,广东
002482,广田集团,装修装饰,深圳
002503,搜于特,服饰,广东
002180,艾派克,电脑设备,广东
002131,利欧股份,互联网,浙江
002047,宝鹰股份,装修装饰,深圳
002500,山西证券,证券,山西
002263,大 东 南,塑料,浙江
002495,佳隆股份,食品,广东
002782,可立克,电气设备,深圳
002622,融钰集团,电气设备,吉林
002312,三泰控股,电脑设备,四川
002235,安妮股份,造纸,福建
002719,麦趣尔,乳制品,新疆
002473,圣莱达,家用电器,浙江
002183,怡 亚 通,仓储物流,深圳
002380,科远股份,电气设备,江苏
002018,华信国际,农药化肥,安徽
002584,西陇科学,化工原料,广东
002358,森源电气,电气设备,河南
002454,松芝股份,汽车配件,上海
002665,首航节能,电气设备,北京
002659,中泰桥梁,建筑施工,江苏
002159,三特索道,旅游景点,湖北
002369,卓翼科技,通信设备,深圳
002527,新时达,电器仪表,上海
002583,海能达,通信设备,深圳
002416,爱施德,电器连锁,深圳
002156,通富微电,半导体,江苏
002339,积成电子,电气设备,山东
002757,南兴装备,家居用品,广东
002154,报 喜 鸟,服饰,浙江
002474,榕基软件,软件服务,福建
002395,双象股份,塑料,江苏
002187,广百股份,百货,广东
002714,牧原股份,农业综合,河南
002687,乔治白,服饰,浙江
002324,普利特,塑料,上海
002234,民和股份,农业综合,山东
002208,合肥城建,区域地产,安徽
002364,中恒电气,电气设备,浙江
002170,芭田股份,农药化肥,深圳
002539,云图控股,农药化肥,四川
002181,粤 传 媒,出版业,广东
002672,东江环保,环境保护,广东
002111,威海广泰,航空,山东
002095,生 意 宝,互联网,浙江
002273,水晶光电,元器件,浙江
002629,仁智股份,石油开采,浙江
002624,完美世界,影视音像,浙江
002542,中化岩土,建筑施工,北京
002693,双成药业,化学制药,海南
002611,东方精工,轻工机械,广东
002406,远东传动,汽车配件,河南
002573,清新环境,环境保护,北京
002593,日上集团,汽车配件,福建
002286,保龄宝,食品,山东
002267,陕天然气,供气供热,陕西
002753,永东股份,化工原料,山西
002420,毅昌股份,塑料,广东
002127,南极电商,互联网,江苏
002585,双星新材,塑料,江苏
002760,凤形股份,机械基件,安徽
002343,慈文传媒,影视音像,浙江
002446,盛路通信,通信设备,广东
002106,莱宝高科,元器件,深圳
002502,骅威文化,影视音像,广东
002517,恺英网络,互联网,福建
002538,司尔特,农药化肥,安徽
002643,万润股份,化工原料,山东
002529,海源机械,专用机械,福建
002711,欧浦智网,仓储物流,广东
002725,跃岭股份,汽车配件,浙江
002738,中矿资源,建筑施工,北京
002515,金字火腿,食品,浙江
002355,兴民智通,汽车配件,山东
002140,东华科技,建筑施工,安徽
002815,崇达技术,半导体,深圳
002826,易明医药,化学制药,西藏
002621,三垒股份,专用机械,辽宁
002414,高德红外,电器仪表,湖北
002362,汉王科技,电脑设备,北京
002133,广宇集团,全国地产,浙江
002256,兆新股份,染料涂料,深圳
002042,华孚色纺,纺织,安徽
002092,中泰化学,化工原料,新疆
002325,洪涛股份,装修装饰,深圳
002766,索菱股份,汽车配件,深圳
002679,福建金森,林业,福建
002556,辉隆股份,其他商业,安徽
002810,山东赫达,化工原料,山东
002560,通达股份,电气设备,河南
002247,帝龙文化,装修装饰,浙江
002344,海宁皮城,商品城,浙江
002013,中航机电,航空,湖北
002097,山河智能,工程机械,湖南
002087,新野纺织,纺织,河南
002142,宁波银行,银行,浙江
002150,通润装备,机械基件,江苏
002107,沃华医药,中成药,山东
002688,金河生物,化学制药,内蒙
002307,北新路桥,建筑施工,新疆
002152,广电运通,电脑设备,广东
002721,金一文化,服饰,北京
002733,雄韬股份,电气设备,深圳
002422,科伦药业,化学制药,四川
002145,中核钛白,化工原料,甘肃
002646,青青稞酒,白酒,青海
002619,巨龙管业,水泥,浙江
002237,恒邦股份,黄金,山东
002401,中海科技,软件服务,上海
002382,蓝帆医疗,医疗保健,山东
002644,佛慈制药,中成药,甘肃
002284,亚太股份,汽车配件,浙江
002201,九鼎新材,玻璃,江苏
002574,明牌珠宝,服饰,浙江
002311,海大集团,饲料,广东
002331,皖通科技,软件服务,安徽
002607,亚夏汽车,汽车服务,安徽
002785,万里石,其他建材,福建
002432,九安医疗,医疗保健,天津
002122,天马股份,机械基件,浙江
002394,联发股份,纺织,江苏
002348,高乐股份,文教休闲,广东
002153,石基信息,软件服务,北京
002151,北斗星通,通信设备,北京
002472,双环传动,机械基件,浙江
002544,杰赛科技,软件服务,广东
002288,超华科技,元器件,广东
002088,鲁阳节能,矿物制品,山东
002531,天顺风能,电气设备,江苏
002079,苏州固锝,半导体,江苏
002739,万达院线,影视音像,北京
002440,闰土股份,染料涂料,浙江
002705,新宝股份,家用电器,广东
002444,巨星科技,轻工机械,浙江
002078,太阳纸业,造纸,山东
002628,成都路桥,建筑施工,四川
002377,国创高新,石油加工,湖北
002562,兄弟科技,化工原料,浙江
002314,南山控股,区域地产,深圳
002662,京威股份,汽车配件,北京
002713,东易日盛,装修装饰,北京
002020,京新药业,化学制药,浙江
002262,恩华药业,化学制药,江苏
002554,惠博普,石油开采,北京
002345,潮宏基,服饰,广东
002755,东方新星,建筑施工,北京
002546,新联电子,电气设备,江苏
002519,银河电子,通信设备,江苏
002298,中电鑫龙,软件服务,安徽
002019,亿帆医药,化学制药,浙江
002354,天神娱乐,互联网,辽宁
002300,太阳电缆,电气设备,福建
002305,南国置业,区域地产,湖北
002617,露笑科技,电气设备,浙江
002702,海欣食品,食品,福建
002067,景兴纸业,造纸,浙江
002413,雷科防务,通信设备,江苏
002003,伟星股份,服饰,浙江
002160,常铝股份,铝,江苏
002423,*ST中特,特种钢,河南
002748,世龙实业,化工原料,江西
002365,永安药业,化学制药,湖北
002242,九阳股份,家用电器,山东
002657,中科金财,软件服务,北京
002635,安洁科技,电脑设备,江苏
002073,软控股份,软件服务,山东
002781,奇信股份,装修装饰,深圳
002023,海特高新,航空,四川
002011,盾安环境,工程机械,浙江
002605,姚记扑克,文教休闲,上海
002676,顺威股份,塑料,广东
002249,大洋电机,电气设备,广东
002313,日海通讯,通信设备,深圳
002224,三 力 士,橡胶,浙江
002174,游族网络,互联网,福建
002439,启明星辰,软件服务,北京
002614,蒙发利,医疗保健,福建
002166,莱茵生物,中成药,广西
002030,达安基因,生物制药,广东
002561,徐家汇,百货,上海
002014,永新股份,塑料,安徽
002656,摩登大道,服饰,广东
002317,众生药业,中成药,广东
002264,新 华 都,超市连锁,福建
002758,华通医药,医药商业,浙江
002609,捷顺科技,软件服务,深圳
002650,加加食品,食品,湖南
002436,兴森科技,元器件,深圳
002634,棒杰股份,服饰,浙江
002398,建研集团,其他建材,福建
002671,龙泉股份,其他建材,山东
002396,星网锐捷,通信设备,福建
002532,新界泵业,农用机械,浙江
002504,弘高创意,装修装饰,北京
002035,华帝股份,家用电器,广东
002083,孚日股份,纺织,山东
002323,雅百特,建筑施工,江苏
002333,罗普斯金,铝,江苏
002429,兆驰股份,家用电器,深圳
002233,塔牌集团,水泥,广东
002029,七 匹 狼,服饰,福建
002701,奥瑞金,广告包装,北京
002179,中航光电,元器件,河南
002070,众和股份,纺织,福建
002405,四维图新,软件服务,北京
002641,永高股份,塑料,浙江
002001,新 和 成,化学制药,浙江
002434,万里扬,汽车配件,浙江
002009,天奇股份,工程机械,江苏
002360,同德化工,化工原料,山西
002098,浔兴股份,服饰,福建
002399,海普瑞,化学制药,深圳
002632,道明光学,化工原料,浙江
002520,日发精机,机床制造,浙江
002737,葵花药业,中成药,黑龙江
002205,国统股份,其他建材,新疆
002507,涪陵榨菜,食品,重庆
002387,黑牛食品,软饮料,广东
002783,凯龙股份,化工原料,湖北
002236,大华股份,电器仪表,浙江
002169,智光电气,电气设备,广东
002163,中航三鑫,装修装饰,深圳
002374,丽鹏股份,建筑施工,山东
002522,浙江众成,塑料,浙江
002496,辉丰股份,农药化肥,江苏
002680,长生生物,生物制药,江苏
002124,天邦股份,饲料,浙江
002686,亿利达,专用机械,浙江
002008,大族激光,电器仪表,深圳
002642,荣之联,软件服务,北京
002292,奥飞娱乐,影视音像,广东
002327,富安娜,纺织,深圳
002451,摩恩电气,电气设备,上海
002577,雷柏科技,电脑设备,深圳
002202,金风科技,电气设备,新疆
002661,克明面业,食品,湖南
002795,永和智控,机械基件,浙江
002238,天威视讯,影视音像,深圳
002581,未名医药,生物制药,山东
002476,宝莫股份,化工原料,山东
002081,金 螳 螂,装修装饰,江苏
002674,兴业科技,纺织,福建
002385,大北农,饲料,北京
002046,轴研科技,机械基件,河南
002392,北京利尔,其他建材,北京
002601,龙蟒佰利,化工原料,河南
002788,鹭燕医药,医药商业,福建
002361,神剑股份,化工原料,安徽
002559,亚威股份,机床制造,江苏
002296,辉煌科技,通信设备,河南
002830,名雕股份,装修装饰,深圳
002777,久远银海,软件服务,四川
002455,百川股份,化工原料,江苏
002384,东山精密,通信设备,江苏
002421,达实智能,软件服务,深圳
002534,杭锅股份,专用机械,浙江
002558,世纪游轮,旅游服务,重庆
002188,巴士在线,广告包装,浙江
002610,爱康科技,电气设备,江苏
002319,乐通股份,染料涂料,广东
002155,湖南黄金,黄金,湖南
002723,金莱特,家用电器,广东
002402,和而泰,元器件,深圳
002230,科大讯飞,软件服务,安徽
002206,海 利 得,化纤,浙江
002811,亚泰国际,装修装饰,深圳
002818,富森美,房产服务,四川
002036,联创电子,元器件,浙江
002244,滨江集团,区域地产,浙江
002449,国星光电,半导体,广东
002391,长青股份,农药化肥,江苏
002684,猛狮科技,电气设备,广东
002822,中装建设,装修装饰,深圳
002347,泰尔股份,机械基件,安徽
002761,多喜爱,纺织,湖南
002064,华峰氨纶,化纤,浙江
002308,威创股份,电脑设备,广东
002328,新朋股份,汽车配件,上海
002431,棕榈股份,建筑施工,广东
002639,雪人股份,专用机械,福建
002353,杰瑞股份,化工机械,山东
002548,金新农,饲料,深圳
002636,金安国纪,元器件,上海
002041,登海种业,种植业,山东
002832,比音勒芬,服饰,广东
002137,麦达数字,元器件,深圳
002271,东方雨虹,其他建材,北京
002571,德力股份,玻璃,安徽
002056,横店东磁,元器件,浙江
002031,巨轮智能,汽车配件,广东
002829,星网宇达,通信设备,北京
002412,汉森制药,中成药,湖南
002383,合众思壮,通信设备,北京
002303,美盈森,造纸,深圳
002668,奥马电器,家用电器,广东
002511,中顺洁柔,造纸,广东
002673,西部证券,证券,陕西
002171,楚江新材,铜,安徽
002373,千方科技,软件服务,北京
002677,浙江美大,家用电器,浙江
002253,川大智胜,软件服务,四川
002321,华英农业,农业综合,河南
002147,新光圆成,机械基件,安徽
002388,新亚制程,元器件,深圳
002706,良信电器,电气设备,上海
002419,天虹商场,百货,深圳
002582,好想你,食品,河南
002258,利尔化学,农药化肥,四川
002501,利源精制,铝,吉林
002791,坚朗五金,其他建材,广东
002040,南 京 港,港口,江苏
002508,老板电器,家用电器,浙江
002568,百润股份,红黄药酒,上海
002139,拓邦股份,元器件,深圳
002010,传化智联,染料涂料,浙江
002052,同洲电子,通信设备,深圳
002335,科华恒盛,电气设备,福建
002265,西仪股份,汽车配件,云南
002773,康弘药业,中成药,四川
002462,嘉事堂,医药商业,北京
002590,万安科技,汽车配件,浙江
002837,英维克,专用机械,深圳
002780,三夫户外,其他商业,北京
002595,豪迈科技,专用机械,山东
002123,梦网荣信,互联网,辽宁
002352,顺丰控股,仓储物流,安徽
002310,东方园林,建筑施工,北京
002820,桂发祥,食品,天津
002833,弘亚数控,专用机械,广东
002105,信隆健康,文教休闲,深圳
002689,远大智能,运输设备,辽宁
002847,盐津铺子,食品,湖南
002094,青岛金王,日用化工,山东
002762,金发拉比,服饰,广东
002524,光正集团,供气供热,新疆
002824,和胜股份,铝,广东
002828,贝肯能源,石油开采,新疆
002840,华统股份,食品,浙江
002836,新宏泽,广告包装,广东
002835,同为股份,元器件,深圳
002831,裕同科技,广告包装,深圳
002217,合力泰,元器件,山东
002825,纳尔股份,化工原料,上海
002790,瑞尔特,家居用品,福建
002849,威星智能,电器仪表,浙江
002843,泰嘉股份,钢加工,湖南
002053,云南能投,食品,云南
002850,科达利,机械基件,深圳
002838,道恩股份,塑料,山东
002842,翔鹭钨业,小金属,广东
002618,丹邦科技,元器件,深圳
002136,安 纳 达,化工原料,安徽
002109,兴化股份,化工原料,陕西
002808,苏州恒久,元器件,江苏
002852,道道全,食品,湖南
002792,通宇通讯,通信设备,广东
002552,宝鼎科技,机械基件,浙江
002789,建艺集团,装修装饰,深圳
002863,今飞凯达,汽车配件,浙江
002862,实丰文化,文教休闲,广东
002861,瀛通通讯,通信设备,湖北
002860,星帅尔,电气设备,浙江
002859,洁美科技,元器件,浙江
